Normalizing Features ...
ans =

   1   2

ans =

   1   2

mu
   2000.6809      3.1702
sigma
   794.70235     0.76098
X_norm
   47    2
  1.0332e+002  -1.7021e-001
  -4.0068e+002  -1.7021e-001
  3.9932e+002  -1.7021e-001
  -5.8468e+002  -1.1702e+000
  9.9932e+002  8.2979e-001
  -1.5681e+001  8.2979e-001
  -4.6668e+002  -1.7021e-001
  -5.7368e+002  -1.7021e-001
  -6.2068e+002  -1.7021e-001
  -5.0668e+002  -1.7021e-001
  -6.0681e+001  8.2979e-001
  -6.8085e-001  -1.7021e-001
  -1.1068e+002  -1.7021e-001
  2.4773e+003  1.8298e+000
  -7.3268e+002  -1.7021e-001
  2.9932e+002  8.2979e-001
  -6.8068e+002  -1.1702e+000
  -7.6468e+002  -1.7021e-001
  6.0832e+002  8.2979e-001
  1.0303e+003  8.2979e-001
  -2.3368e+002  -1.7021e-001
  -1.1268e+002  -1.1702e+000
  -3.9668e+002  -1.7021e-001
  -3.8681e+001  8.2979e-001
  1.8893e+003  -1.7021e-001
  -9.0068e+002  -1.7021e-001
  -5.4268e+002  -1.7021e-001
  5.2532e+002  -1.7021e-001
  1.9932e+002  -1.7021e-001
  6.3632e+002  -1.7021e-001
  -1.6168e+002  -1.1702e+000
  -1.0007e+003  -2.1702e+000
  3.9319e+001  8.2979e-001
  1.1363e+003  -1.7021e-001
  -1.8968e+002  8.2979e-001
  -5.6368e+002  -1.7021e-001
  -7.6168e+002  -1.7021e-001
  1.3132e+002  8.2979e-001
  2.2143e+003  8.2979e-001
  1.6132e+002  8.2979e-001
  -3.3668e+002  -1.1702e+000
  2.3732e+002  -1.7021e-001
  5.6632e+002  8.2979e-001
  -8.0068e+002  -1.7021e-001
  -1.1487e+003  -1.1702e+000
  -1.4868e+002  8.2979e-001
  -7.9768e+002  -1.7021e-001
X_norm
   47    1
  1.3001e-001
  -5.0419e-001
  5.0248e-001
  -7.3572e-001
  1.2575e+000
  -1.9731e-002
  -5.8724e-001
  -7.2188e-001
  -7.8102e-001
  -6.3757e-001
  -7.6356e-002
  -8.5694e-004
  -1.3927e-001
  3.1173e+000
  -9.2196e-001
  3.7664e-001
  -8.5652e-001
  -9.6222e-001
  7.6547e-001
  1.2965e+000
  -2.9405e-001
  -1.4179e-001
  -4.9916e-001
  -4.8672e-002
  2.3774e+000
  -1.1334e+000
  -6.8287e-001
  6.6103e-001
  2.5081e-001
  8.0070e-001
  -2.0345e-001
  -1.2592e+000
  4.9478e-002
  1.4299e+000
  -2.3868e-001
  -7.0930e-001
  -9.5845e-001
  1.6524e-001
  2.7863e+000
  2.0299e-001
  -4.2366e-001
  2.9863e-001
  7.1262e-001
  -1.0075e+000
  -1.4454e+000
  -1.8709e-001
  -1.0037e+000
Running gradient descent ...
Theta computed from gradient descent: 
 0.000000 
 0.000000 
 0.000000 

Predicted price of a 1650 sq-ft, 3 br house (using gradient descent):
 $0.000000
Program paused. Press enter to continue.
